#name:Lewis et al., Mol Syst Biol 2010
#score:8.4
#weight:100%
#description:Spectral counting data based on <a href="http://www.ncbi.nlm.nih.gov/pubmed/20664636" target="_blank">Lewis et al., Mol Syst Biol 2010</a><br/><b>Interaction consistency score</b>: 8.4&nbsp<b>Coverage</b>: 20%
#organ:WHOLE_ORGANISM
#integrated:false
#
#internal_id	string_external_id	abundance_ppm	raw_spectral_count
#
4738144	511145.b3189	37.87181721674901	6725
4738909	511145.b4034	25.971458531497728	4680
4737816	511145.b2818	24.671304994939668	3323
4738336	511145.b3397	196.16464801885527	21712
4737459	511145.b2426	38.6343493196507	2829
4736662	511145.b1563	139.49361272648108	2957
4737461	511145.b2428	61.64628870831519	9949
4738526	511145.b3599	30.351427073351225	4033
4737454	511145.b2421	99.57994533300545	14323
4738900	511145.b4025	80.54549414425072	11509
4738899	511145.b4024	77.07511213112463	11947
4737455	511145.b2422	15.212564215115213	1614
4738152	511145.b3197	777.1940965982626	82316
4737458	511145.b2425	334.99108487441316	36795
4737699	511145.b2696	620.1261366052627	10990
4737702	511145.b2699	294.5083285568099	23957
4737700	511145.b2697	267.1642670759249	96829
4738518	511145.b3590	6.923359341979298	1727
4738328	511145.b3389	100.54619617082604	23067
4738325	511145.b3386	1334.6079624637912	64163
4738520	511145.b3592	112.80668253661007	7814
4738330	511145.b3391	82.00819677113668	7550
4737450	511145.b2417	11414.365931218357	533195
4737449	511145.b2416	451.83604649928134	87372
4738329	511145.b3390	224.45990391700408	19576
4737448	511145.b2415	2537.2791625265027	40730
4738335	511145.b3396	5.850016504685733	1431
4738894	511145.b4019	5.781293194610682	2203
4737447	511145.b2414	7323.761870782215	731167
4738890	511145.b4015	7333.457135294213	1095804
4738889	511145.b4014	180.598197410569	19248
4738888	511145.b4013	48.392505417354776	5223
4737444	511145.b2411	12.022985082935078	4463
4737695	511145.b2687	1364.4085335139418	106280
4737696	511145.b2688	32.49207052742202	4585
4738925	511145.b4051	865.3052605883986	85420
4738124	511145.b3167	54.31568100267801	1808
4738126	511145.b3169	653.7210257840944	125327
4737692	511145.b2684	26.23416640865162	1364
4737693	511145.b2685	27.736979560976714	3483
4738125	511145.b3168	303.1972086991287	61617
4738323	511145.b3384	536.4740366960132	50823
4738609	511145.b3686	73.08814027979231	5025
4735500	511145.b0296	1239.767027049495	59323
4737698	511145.b2690	21.60283528466474	2125
4737437	511145.b2400	30.08724090251999	4647
4738131	511145.b3176	77.59900595589153	14492
4738128	511145.b3172	443.4085950914796	78639
4737687	511145.b2677	47.33010606689391	3809
4737806	511145.b2805	44.879559271664185	5059
4737804	511145.b2803	15.06749511084338	11349
4738133	511145.b3178	315.97567103129086	60099
4738917	511145.b4043	49.01876014276422	4693
4738306	511145.b3365	46.23377429920551	14792
4737689	511145.b2679	74.90543795594827	3562
4736649	511145.b1550	1448.9433939866378	28882
4738619	511145.b3699	114.6785501156597	32692
4738141	511145.b3186	2381.0441876451487	74726
4738912	511145.b4037	241.95600703121997	9542
4738140	511145.b3185	9619.09258973658	336836
4738138	511145.b3183	85.96156161425921	7294
4738136	511145.b3181	171.2370760160655	12241
4737679	511145.b2669	342.8663740983502	13454
4738297	511145.b3356	340.4964317546694	16484
4738298	511145.b3357	917.6578673411653	70474
4738300	511145.b3359	326.94507973967916	34577
4737672	511145.b2662	11.314869692341002	2258
4737505	511145.b2472	100.33275406513663	21779
4737496	511145.b2463	356.07573296237723	80241
4737497	511145.b2464	65.38057481956749	16643
4737498	511145.b2465	54.37273668565072	21980
4738943	511145.b4069	77.98893703554364	15470
4737501	511145.b2468	22.266378790934994	7481
4738304	511145.b3363	76.24053375310065	3734
4738283	511145.b3342	4670.275484957536	105512
4738290	511145.b3349	1601.9824324799356	59217
4738288	511145.b3347	378.84509640886574	34779
4738933	511145.b4059	372.2071387158329	26436
4737156	511145.b2097	456.28221264978015	36280
4738277	511145.b3336	87.126513752167	8322
4737155	511145.b2096	3256.599586983269	188657
4737154	511145.b2095	2430.727453882081	276852
4737153	511145.b2094	7336.2882953517765	317604
4737152	511145.b2093	5816.614801472429	343717
4736869	511145.b1780	120.76477943623	13322
4738280	511145.b3339	8081.442581751812	2293292
4738970	511145.b4097	161.3148123261024	16861
4738282	511145.b3341	13487.712930954525	690018
4738281	511145.b3340	3769.57553100685	763830
4737144	511145.b2081	67.888005327885	10812
4736881	511145.b1792	271.8634670970351	6437
4738261	511145.b3320	9235.334400484495	606598
4738262	511145.b3321	4196.441838337766	177827
4738962	511145.b4088	13.337785986927928	1537
4736686	511145.b1593	566.1341935417167	35047
4737132	511145.b2069	152.74085572182324	18497
4736492	511145.b1376	549.7894443558139	27794
4736493	511145.b1377	23.475799277492744	4901
4736496	511145.b1380	35.916361477278066	2574
4738070	511145.b3105	15.466551274469767	1145
4737879	511145.b2893	821.1440235261279	67773
4735889	511145.b0733	71.46952747562224	6892
4736850	511145.b1761	1080.012240692662	148072
4737877	511145.b2891	211.66553395928727	26372
4737878	511145.b2892	107.96162132956607	17023
4738777	511145.b2268	29.046316296510707	2575
4737884	511145.b2898	138.56520052006067	13581
4736854	511145.b1765	868.3603163749038	58533
4736853	511145.b1764	627.1272740057045	66309
4735895	511145.b0739	44.34264084790607	3855
4737309	511145.b2262	107.05621288831172	4940
4736868	511145.b1779	10506.32705504074	978336
4735897	511145.b0741	41.570790730805	2200
4737638	511145.b2610	34.814865014238435	4734
4735896	511145.b0740	116.45094292801393	15993
4737640	511145.b2614	1154.6822459351001	71138
4737127	511145.b2064	19.81247440388959	5850
4736838	511145.b1749	66.57188978740855	6926
4737629	511145.b2601	60.67645051461371	5755
4736835	511145.b1746	41.80687786797542	10097
4735907	511145.b0758	7646.310582285964	739772
4737637	511145.b2609	15307.229698256328	329412
4736829	511145.b1740	55.205431780624984	7314
4737634	511145.b2606	6598.725242041671	196490
4735903	511145.b0754	304.1310346046616	26151
4735904	511145.b0755	3953.1529941978197	267648
4735905	511145.b0756	32.83480599066193	3506
4735906	511145.b0757	521.3129687796718	27335
4737288	511145.b2241	56.456807506169085	11137
4737102	511145.b2039	61.12877999986505	7848
4737876	511145.b2890	115.41898714900022	15926
4735324	511145.b0098	50.54843974120402	17575
4736466	511145.b1341	29.516207810703214	5220
4735912	511145.b0763	96.54231893831154	11587
4737286	511145.b2239	14.38528903528372	2312
4737105	511145.b2042	422.40304225340975	46471
4735916	511145.b0767	186.33240236795652	15701
4737282	511145.b2234	244.2998062409466	55645
4737279	511145.b2231	159.84559944011556	46971
4737280	511145.b2232	208.7591023727004	19401
4736626	511145.b1525	1.0990764108743167	279
4738107	511145.b3150	37.59711003181076	2750
4737086	511145.b2022	111.25733502515506	11650
4737088	511145.b2024	120.7888151122151	9470
4737089	511145.b2025	158.22570269996717	16924
4737090	511145.b2026	578.8515205180182	27974
4737091	511145.b2027	17.096615308926737	2026
4737092	511145.b2028	61.002245061642036	5218
4737093	511145.b2029	2020.5462832795733	312213
4736987	511145.b1900	5.970518667992244	7206
4736991	511145.b1905	229.8360731876663	8421
4736270	511145.b1131	98.1741579755506	12892
4736812	511145.b1723	20.118602730415144	1969
4738104	511145.b3147	23.203445969500848	4472
4736272	511145.b1133	650.4870575622749	65490
4736816	511145.b1727	38.03023005759552	3380
4736275	511145.b1136	6563.79693779377	728092
4735921	511145.b0772	6.299866739292624	836
4735321	511145.b0095	591.2378117053938	105560
4738106	511145.b3149	36.444668212159996	2167
4735304	511145.b0077	49.576425858410694	10793
4735305	511145.b0078	1039.2616781795236	63976
4737083	511145.b2019	774.5328330129139	69513
4736269	511145.b1130	91.2456925591529	10048
4736449	511145.b1324	9435.110930056246	468870
4738119	511145.b3162	290.3664043359384	57242
4738122	511145.b3165	5020.152357033302	55411
4736640	511145.b1539	486.6781979647491	20740
4738121	511145.b3164	686.6597756516837	137766
4736454	511145.b1329	161.31124338081034	29576
4737002	511145.b1919	144.1315635904267	13310
4737076	511145.b2012	434.8115639853103	4179
4737081	511145.b2017	53.18298744221993	1437
4737079	511145.b2015	55.31359915021592	3029
4737080	511145.b2016	10.072933923267106	1300
4737344	511145.b2297	94.97198066323529	24195
4737085	511145.b2021	54.028204307660175	4536
4736998	511145.b1915	197.68411512647435	5862
4736821	511145.b1732	82.50378441618531	29185
4737084	511145.b2020	1187.1539200311902	90041
4736997	511145.b1914	487.6748424072554	64048
4735931	511145.b0782	113.74194795941204	9633
4738113	511145.b3156	293.51084582893105	11531
4736262	511145.b1123	73.75634001461246	8667
4736259	511145.b1120	14.92105695729518	1472
4738115	511145.b3158	37.377848471782855	2492
4739295	511145.b4517	95.6365460961592	2712
4736828	511145.b1739	2740.398661994874	73323
4736265	511145.b1126	11.498365705461179	2026
4735308	511145.b0082	32.33171499468453	3789
4735932	511145.b0783	432.29991587963866	30329
4735295	511145.b0068	23.326788595736804	2108
4738884	511145.b4005	117.54840729676319	13844
4738885	511145.b4006	740.8294029691875	118146
4737341	511145.b2294	145.28134253629162	13226
4737071	511145.b2007	1547.3754591380261	39696
4737343	511145.b2296	428.6896137726105	55200
4737011	511145.b1928	128.97273880838347	7512
4736256	511145.b1117	112.08307185529173	8368
4737334	511145.b2287	90.65018095301865	8503
4737003	511145.b1920	1033.4737199841993	128905
4737333	511145.b2286	26.485999646336627	6987
4737006	511145.b1923	204.9525811644301	27991
4735299	511145.b0072	619.8585353254639	68791
4735298	511145.b0071	509.1059973294167	30817
4736253	511145.b1114	15.72835629499445	4115
4738088	511145.b3129	54.57067530508546	2943
4735301	511145.b0074	130.90324074423603	27885
4735300	511145.b0073	517.9692589935919	48147
4736793	511145.b1702	382.4050261448672	67051
4736794	511145.b1703	273.61286381741365	29223
4736617	511145.b1516	218.3716936456379	17386
4735282	511145.b0053	176.02258581067545	24143
4736810	511145.b1719	106.47662530742221	25040
4737331	511145.b2284	841.6353725328665	167755
4737330	511145.b2283	41.495675237811774	12276
4736434	511145.b1308	114.90596849536594	4537
4736801	511145.b1710	579.6907808533603	48001
4736808	511145.b1717	5236.307098391692	75753
4737013	511145.b1930	151.28262114135836	3406
4736809	511145.b1718	1930.0230648123309	116367
4736807	511145.b1716	4942.55477825203	58311
4736242	511145.b1103	1657.7183489004606	39081
4736804	511145.b1713	384.3137664289823	92750
4736805	511145.b1714	494.1525449180481	65989
4736240	511145.b1101	9.548438093217507	1044
4738879	511145.b4000	8700.517517460426	239705
4736803	511145.b1712	2863.5197833184648	63963
4736188	511145.b1048	40.807562842432986	6903
4738845	511145.b3957	48.41348694882912	3646
4738844	511145.b3956	163.998296313235	37414
4735385	511145.b0161	131.4149467543697	17009
4736189	511145.b1049	62.09891374248786	14969
4738847	511145.b3959	75.92821303800967	4780
4736185	511145.b1045	76.73275355508984	8267
4738838	511145.b3950	586.3856917227206	16501
4735741	511145.b0565	40.24177722665735	6113
4736097	511145.b0949	55.973993189096085	9337
4739105	511145.b4243	724.5979998135701	25063
4739098	511145.b4235	29.440478859881388	5701
4736093	511145.b0945	10.547018442075503	1795
4736095	511145.b0947	132.58338388153243	10550
4739096	511145.b4233	38.72686329094626	3506
4735380	511145.b0156	164.76315070058573	4566
4735383	511145.b0159	111.53351114327245	10379
4735378	511145.b0154	148.41050727351035	26839
4735395	511145.b0172	1914.0033595003977	65095
4737356	511145.b2309	1762.1470447493896	142531
4735393	511145.b0170	3099.2103380206227	343887
4735394	511145.b0171	40.6994379376238	4250
4737350	511145.b2303	39.91964173456068	2388
4738830	511145.b3941	46.51226478288341	6808
4738829	511145.b3940	6.192149767185166	1451
4739114	511145.b4254	195.45156458043914	29627
4738831	511145.b3942	484.5560020251927	104667
4739107	511145.b4245	4345.722308126454	435863
4739106	511145.b4244	3642.471994860771	178330
4737163	511145.b2104	30.602534494180556	2092
4737162	511145.b2103	390.96265650467586	43704
4736080	511145.b0932	42.38613819388729	10041
4736078	511145.b0930	281.90301294059316	47573
4735392	511145.b0169	6914.230079465097	537418
4736203	511145.b1064	260.26370237779565	21307
4735391	511145.b0168	181.21768476165988	19282
4736201	511145.b1062	1070.601796398676	82606
4735389	511145.b0166	454.14723195148946	40286
4735387	511145.b0163	873.5312705226922	42743
4738828	511145.b3939	12.898082648126612	1576
4738827	511145.b3938	329.8669821306587	6610
4738825	511145.b3936	1254.3956415918565	34562
4737048	511145.b1973	804.3384393037549	47350
4738821	511145.b3932	61.62605796487255	3284
4738820	511145.b3931	48.380651420567936	6026
4736111	511145.b0963	67.7294136188465	2799
4736113	511145.b0965	133.9707251922406	6503
4739080	511145.b4214	1429.181344543594	186331
4739079	511145.b4213	27.67379477559124	7367
4735355	511145.b0131	583.5986888516419	11585
4735357	511145.b0133	89.85966411725394	6534
4735358	511145.b0134	338.5215995913701	11018
4739085	511145.b4219	195.98736422872756	12110
4736174	511145.b1034	39.412809031433035	4127
4736173	511145.b1033	79.31826449124691	8966
4738817	511145.b3928	1073.8292943028569	30152
4738812	511145.b3923	210.78836320260123	8413
4735374	511145.b0150	43.75409241777697	13643
4738814	511145.b3925	16.676615059398685	3088
4738809	511145.b3920	227.90638778045164	8483
4739095	511145.b4232	27.753411074942797	3521
4736102	511145.b0954	620.9249430185706	35651
4739091	511145.b4226	1651.106436475396	45082
4736105	511145.b0957	19541.404753975512	2448069
4735369	511145.b0145	911.203365391695	53478
4736053	511145.b0905	75.14296653484087	15542
4738801	511145.b3910	356.0620061624152	31102
4736056	511145.b0908	32.24254643582736	5802
4736055	511145.b0907	560.3551372668719	68396
4735713	511145.b0529	147.0232775177268	13148
4738803	511145.b3912	124.59016487490183	5363
4738806	511145.b3917	110.46387979726549	12711
4735707	511145.b0523	963.9837202911767	32679
4736228	511145.b1089	3941.4982738596646	55121
4735709	511145.b0525	1035.2172584053687	34630
4738805	511145.b3916	59.088220053533796	5255
4736234	511145.b1095	181.74932943345493	16808
4735528	511145.b0329	296.54522120244593	10356
4736233	511145.b1094	324.19003146746195	5843
4735338	511145.b0114	388.97454757336163	108032
4738633	511145.b3713	37.05880157157649	2007
4735339	511145.b0115	432.8492657095852	111670
4738808	511145.b3919	1122.0346802028464	60185
4736230	511145.b1091	187.57038448354052	23284
4735524	511145.b0325	185.30212418233634	34131
4736412	511145.b1286	9.445189141943393	2205
4736414	511145.b1288	1284.66295376615	105761
4736232	511145.b1093	928.03816671026	71792
4736231	511145.b1092	826.0334689834223	38027
4739277	511145.b4480	882.9664247931762	75052
4736051	511145.b0903	716.6368354784399	174721
4735340	511145.b0116	2806.8518504010235	375398
4735342	511145.b0118	1297.1934749515526	386878
4735520	511145.b0320	13.125876920539923	11349
4739280	511145.b4483	208.97456155442407	22196
4737389	511145.b2344	21.30165007333624	2595
4737387	511145.b2342	45.63974107298911	4677
4737054	511145.b1983	153.80867654155307	7966
4736237	511145.b1098	13.454931525948787	1075
4739074	511145.b4208	51.75955381653339	4927
4738623	511145.b3703	14363.688417756144	40105
4735349	511145.b0125	103.3154925578777	11349
4735350	511145.b0126	156.86858873316314	10687
4738799	511145.b3908	3007.0020400123713	135965
4735347	511145.b0123	54.61486342897966	5777
4735346	511145.b0122	618.0210320882031	17790
4735344	511145.b0120	127.19253591567785	10710
4739067	511145.b4200	4298.124769350859	167534
4739069	511145.b4202	14998.090515575768	264181
4739070	511145.b4203	16723.89354759028	1322013
4739073	511145.b4207	491.85561796314147	34066
4736076	511145.b0928	613.6836708796269	77804
4735881	511145.b0724	45.96710680028725	5965
4737357	511145.b2310	1143.3018693351476	129817
4736077	511145.b0929	454.85122408109675	59074
4735880	511145.b0723	276.37496933385046	56306
4735882	511145.b0726	205.2523203552902	59375
4737359	511145.b2312	71.78107341842406	15504
4735884	511145.b0728	2367.879081930751	349050
4735883	511145.b0727	417.3587104506949	31641
4737364	511145.b2317	54.27462838428418	1473
4737363	511145.b2316	619.7638183786163	50761
4737366	511145.b2319	8.014316891685997	959
4736398	511145.b1272	328.6295475284167	61090
4735877	511145.b0720	369.16637792709724	59010
4736390	511145.b1264	110.6076625527657	21613
4735508	511145.b0307	39.343812078612366	6929
4736393	511145.b1267	21.327054588825032	2279
4735509	511145.b0308	24.34092958252653	2750
4735885	511145.b0729	2336.2884102004655	211379
4736072	511145.b0924	3.587832256867609	2160
4736073	511145.b0925	13.51809550690754	2455
4735870	511145.b0713	77.26933314550399	2936
4735869	511145.b0712	352.4385342847747	28535
4737367	511145.b2320	181.9538208865534	26459
4737370	511145.b2323	1391.5895548763726	102310
4737376	511145.b2329	55.38389266867378	11708
4736410	511145.b1284	26.434924730890963	3728
4736403	511145.b1277	184.99391065106084	10772
4736402	511145.b1276	93.17936906368583	35047
4736400	511145.b1274	29.71341345731047	9514
4735329	511145.b0104	328.4668894179206	23399
4736223	511145.b1084	99.82043425728901	21509
4735327	511145.b0102	79.65880541013833	10504
4736058	511145.b0910	97.314124210945	3545
4736059	511145.b0911	2825.267584026707	364105
4735333	511145.b0109	29.54107006432218	3050
4736060	511145.b0912	832.2477498149742	25792
4738671	511145.b3751	642.0322111178522	82978
4738365	511145.b3429	579.8655611784087	84971
4738360	511145.b3423	18.84952863464586	1511
4738363	511145.b3426	71.49487500410119	16755
4738374	511145.b3440	30.971713594687152	4078
4735555	511145.b0357	378.1141641137606	7848
4738664	511145.b3744	398.4459343645125	60293
4738668	511145.b3748	4831.319174447113	307015
4738563	511145.b3636	2777.7495963416054	39740
4738564	511145.b3637	10991.431956571112	137344
4738369	511145.b3433	1051.1926769718966	85808
4738651	511145.b3731	1379.941500660883	31634
4738652	511145.b3732	3894.028950376517	622574
4738653	511145.b3733	429.68519026609727	31583
4738654	511145.b3734	2095.453075018673	288232
4738527	511145.b3600	162.87419644912492	25523
4738529	511145.b3602	118.45512001004458	4522
4738650	511145.b3730	28.446521200808757	4093
4738534	511145.b3607	39.132821216972864	2436
4738655	511145.b3735	1320.8655795341729	74854
4738535	511145.b3608	217.3603597638636	16697
4738656	511145.b3736	2125.642207957	119154
4738536	511145.b3609	14.229750674583714	921
4738344	511145.b3405	85.13020989682629	6339
4738346	511145.b3407	22.565918347592703	4246
4738340	511145.b3401	14.675597127551288	1795
4738342	511145.b3403	911.2142013056347	140710
4738537	511145.b3610	619.7111662268896	9019
4735535	511145.b0337	50.794841031028575	4178
4738648	511145.b3728	195.87158103825675	17993
4738649	511145.b3729	40.36662534266984	8041
4738546	511145.b3619	221.08929952375414	26169
4738353	511145.b3414	912.4659635365175	48755
4738587	511145.b3661	45.910918031804826	4664
4738870	511145.b3991	50.990251122842906	4258
4738871	511145.b3992	145.4983972032666	11676
4738872	511145.b3993	157.58003140202428	15153
4738596	511145.b3670	21.71906940623853	1479
4738597	511145.b3671	122.83570066488781	20499
4738873	511145.b3994	151.0757245692971	25094
4738692	511145.b3785	537.6572884716733	59581
4738690	511145.b3783	450.8522561385256	70776
4738861	511145.b3982	1249.8316877905118	59902
4738862	511145.b3983	8659.358249635992	470715
4738859	511145.b3980	8081.442581751812	2293292
4738865	511145.b3986	10347.002194706436	291004
4738866	511145.b3987	618.0199061538009	214612
4738863	511145.b3984	4540.0235334322615	442219
4735771	511145.b0595	249.26074757619722	40002
4738864	511145.b3985	20806.899967854286	1179803
4738867	511145.b3988	624.1760451976909	252655
4738575	511145.b3648	29.182040117883847	1551
4738576	511145.b3649	1423.5499577777616	49937
4738567	511145.b3640	318.0201016802256	10392
4735579	511145.b0386	142.69729177972732	10758
4735577	511145.b0384	93.00811160472719	4019
4738571	511145.b3644	69.85495847481708	8051
4738681	511145.b3771	25.608148393310024	4501
4738684	511145.b3774	2356.5860849729975	356669
4739118	511145.b4258	85.37217278923272	21440
4735760	511145.b0584	585.7475654720215	114045
4738688	511145.b3780	41.490453890956196	5242
4738689	511145.b3781	972.9032090554646	49701
4735763	511145.b0587	40.92550993319764	3051
4735762	511145.b0586	17.323936581760865	8917
4735584	511145.b0391	906.5078196166821	15269
4737624	511145.b2595	232.43430846705988	32126
4737625	511145.b2597	141.610474808627	7547
4737627	511145.b2599	305.39795982345436	33202
4738578	511145.b3651	32.35919240800834	2846
4738676	511145.b3764	250.7257020748105	8724
4735569	511145.b0376	30.96425551690303	2228
4739129	511145.b4269	286.932564731172	38489
4738680	511145.b3770	154.08083343171467	13970
4738850	511145.b3962	195.21370710385938	50316
4738848	511145.b3960	221.2112402665766	30699
4735750	511145.b0574	47.22408959585088	8318
4738849	511145.b3961	14.267619967601135	1637
4735574	511145.b0381	309.88830567911873	32081
4735754	511145.b0578	1173.391203188745	93704
4738210	511145.b3259	1147.9792390576615	47936
4738393	511145.b3460	9163.191644110328	775063
4735406	511145.b0183	318.56845492963697	27904
4735404	511145.b0181	63.84067066859416	1717
4735405	511145.b0182	382.0926936162829	27369
4738206	511145.b3255	759.7736452671115	29238
4735403	511145.b0180	334.9338343754917	16946
4738207	511145.b3256	131.72555817987177	18433
4737899	511145.b2914	890.2462754387485	37602
4737900	511145.b2916	21.2466931023437	1637
4737901	511145.b2917	68.19140167526928	12209
4737896	511145.b2910	73.92688297166289	3736
4737898	511145.b2913	2345.918393605039	213632
4738018	511145.b3052	158.762369097464	32606
4737554	511145.b2521	110.61577664273358	8351
4737556	511145.b2523	220.76897580999838	44504
4737553	511145.b2520	75.31373872683984	57851
4736758	511145.b1667	83.41433686081334	4411
4738017	511145.b3051	32.539847899337516	9949
4738212	511145.b3261	353.71348581362133	2145
4737562	511145.b2529	363.9444150423613	21973
4738391	511145.b3458	761.3672195885842	101754
4735402	511145.b0179	161.48347171794575	12159
4735401	511145.b0178	3871.947270760876	171474
4738392	511145.b3459	235.7516205353319	14287
4735400	511145.b0177	5.2665901162215905	1811
4737559	511145.b2526	24.737027397698856	6335
4736755	511145.b1662	165.31696096129602	10242
4737558	511145.b2525	179.17621318674662	9035
4738387	511145.b3454	133.87690291708677	9733
4738388	511145.b3455	11.996947385204502	1385
4735417	511145.b0194	429.1865655196786	74874
4738199	511145.b3247	3.1689669890829357	721
4737909	511145.b2925	1544.225943545919	154439
4737910	511145.b2926	8805.888033135658	1182922
4737906	511145.b2922	137.95181722187198	8010
4737546	511145.b2513	26.582018661567457	2289
4738031	511145.b3065	15883.657200482683	103008
4737544	511145.b2511	135.82698127793307	21758
4738027	511145.b3061	33.529243456024794	7360
4738382	511145.b3449	19.754609911912908	1441
4738205	511145.b3253	219.0227117421969	22505
4736767	511145.b1676	1057.5710988319036	159184
4737551	511145.b2518	2028.1308317770047	112280
4738203	511145.b3251	924.6432326926015	80567
4736768	511145.b1677	565.6430144466045	25371
4737549	511145.b2516	97.67494288391939	7069
4735408	511145.b0185	630.5430042895878	63421
4737548	511145.b2515	786.2240233349324	110560
4737547	511145.b2514	20.097368010882892	2841
4738222	511145.b3279	96.68773697927087	8675
4738033	511145.b3067	163.05419276276916	18008
4737917	511145.b2935	678.7517052367305	105631
4737919	511145.b2937	32.16299518411578	2142
4737920	511145.b2938	12.592531637712636	3314
4735855	511145.b0695	18.825209656773918	2950
4738035	511145.b3070	106.61804398066768	6190
4736526	511145.b1412	45.02320333859439	1895
4735420	511145.b0197	1458.868766568274	122769
4736773	511145.b1682	1005.5827707350496	81285
4736529	511145.b1415	607.7146633554149	131490
4738216	511145.b3265	2.6205157414016167	1401
4737923	511145.b2942	325.40776306804037	46870
4738405	511145.b3472	45.157696319861294	2407
4737928	511145.b2947	70.80385667141478	9114
4737929	511145.b2948	35.88378556222932	2455
4737564	511145.b2531	330.421450159607	15469
4737563	511145.b2530	583.112660512641	84206
4737566	511145.b2533	1180.598869457622	76770
4736784	511145.b1693	14.056960460071712	1727
4738396	511145.b3463	72.79454863918068	2633
4738397	511145.b3464	105.13422016685391	16629
4738402	511145.b3469	23.969076609965015	7479
4737767	511145.b2764	163.51991932443156	25408
4737766	511145.b2763	539.9154633093935	107082
4737939	511145.b2958	728.7395540094876	54245
4737935	511145.b2954	520.8619762708202	11567
4737765	511145.b2762	106.72249314608476	7460
4738167	511145.b3212	67.70013704876148	34264
4738168	511145.b3213	343.20753763387665	54537
4737602	511145.b2569	52.71416614768875	7588
4738429	511145.b3498	248.07619974322023	63893
4737600	511145.b2567	96.37114951244742	9990
4738063	511145.b3098	2079.5730649775705	52342
4738057	511145.b3092	44.06152691920375	6868
4737597	511145.b2564	176.09860491358995	12087
4737755	511145.b2752	84.04403101615279	8898
4737754	511145.b2751	36.12216386791067	4207
4738164	511145.b3209	97.14879663123381	3778
4738426	511145.b3495	380.7996538301567	11094
4738161	511145.b3206	366.9642535102304	9798
4738159	511145.b3204	328.3477686886396	14518
4737941	511145.b2960	82.5859763705154	6909
4738156	511145.b3201	115.03619089177252	9198
4738157	511145.b3202	58.87406897570324	10608
4737761	511145.b2758	39.432899806501844	1946
4738420	511145.b3487	14.168877885672105	1991
4737590	511145.b2557	152.82151229952555	57942
4737586	511145.b2553	506.22641027932235	19454
4737584	511145.b2551	3179.140827155095	282160
4737953	511145.b2977	63.61673564051952	3451
4737952	511145.b2976	119.00130938192386	29862
4737785	511145.b2784	24.07737782666544	6472
4737622	511145.b2593	73.5500121938004	5715
4737621	511145.b2592	120.30332487897417	38911
4738186	511145.b3232	21.17269277458966	2691
4737790	511145.b2789	122.82134630697712	11034
4738187	511145.b3233	392.5617232694238	19150
4738188	511145.b3234	91.68731556247731	8001
4738190	511145.b3236	9523.702736387977	808493
4738194	511145.b3240	23.260326652138673	5876
4738183	511145.b3229	208.82719227440927	13429
4737615	511145.b2582	60.35703462273059	3811
4737614	511145.b2581	116.06122733821464	8538
4737780	511145.b2779	7118.606024566852	866431
4738185	511145.b3231	4700.978963235871	159056
4738184	511145.b3230	5287.760961059481	178459
4737612	511145.b2579	2166.616612805493	78937
4737781	511145.b2780	237.35827236596933	35299
4737609	511145.b2576	20.58761973408783	2757
4735810	511145.b0637	89.7757896271354	1784
4736953	511145.b1864	83.97398164140904	7827
4736949	511145.b1860	30.920175898669246	4393
4737179	511145.b2124	16.868284415840694	1757
4736585	511145.b1480	7550.472618996302	40737
4736587	511145.b1482	2406.3599913157836	54453
4735804	511145.b0631	285.5916669448078	8866
4735805	511145.b0632	54.12743693841769	8999
4736955	511145.b1866	154.0110534290384	28285
4736956	511145.b1867	217.26489778525297	6593
4736963	511145.b1874	558.5890167489772	30875
4737173	511145.b2114	14.176578842704014	4912
4735815	511145.b0642	58.31537763547811	22915
4735814	511145.b0641	329.92740289141034	17333
4736695	511145.b1602	338.54045668820015	36394
4736696	511145.b1603	414.20046745511274	71812
4736697	511145.b1604	212.16586521614377	22862
4736042	511145.b0894	6.979159529531146	1990
4736041	511145.b0893	260.21608535772305	35297
4737203	511145.b2150	3090.2411816413596	364900
4737206	511145.b2153	575.691135274546	31093
4737199	511145.b2146	78.16376535289704	11805
4737202	511145.b2149	37.17424899202303	5722
4736975	511145.b1886	53.70271485850432	5571
4736977	511145.b1888	11.14719857407759	2835
4736976	511145.b1887	42.43848795071788	4462
4736342	511145.b1211	48.411505451402064	6323
4736346	511145.b1215	1242.4798595620923	70451
4735785	511145.b0610	95.92262659233728	3880
4736707	511145.b1614	6.369424912229546	1919
4736705	511145.b1612	59.500883489564345	24443
4736706	511145.b1613	31.432108430703376	2322
4736704	511145.b1611	170.2679827855074	27387
4737738	511145.b2735	280.074851446471	9419
4736338	511145.b1207	1281.2437884902174	160345
4735798	511145.b0623	2076.225965470095	89351
4737188	511145.b2133	22.629834902209243	3785
4735801	511145.b0628	159.33422049134023	12013
4735800	511145.b0627	182.30052668414325	2572
4736331	511145.b1200	54.46625651402638	5816
4736334	511145.b1203	280.6073388289804	37909
4737224	511145.b2171	704.045037855078	22986
4735836	511145.b0674	161.49317839475773	25387
4737978	511145.b3008	107.53494058934322	15932
4736364	511145.b1236	155.250769394556	16350
4736365	511145.b1237	12782.335675754712	422333
4736912	511145.b1823	12308.756901253666	493024
4736360	511145.b1232	18.007680086645603	1322
4735840	511145.b0678	230.71073926714402	24586
4735839	511145.b0677	623.1021731708843	123721
4738239	511145.b3298	6296.048029635233	223554
4738240	511145.b3299	2003.170607314126	5497
4735841	511145.b0679	75.32662681651624	6194
4738236	511145.b3295	2533.4794636463603	313559
4738235	511145.b3294	6757.609375074447	194944
4738238	511145.b3297	1194.6892281683663	53712
4738237	511145.b3296	7201.632744656604	439180
4736036	511145.b0888	326.3913080921375	26775
4736037	511145.b0889	820.1790498475842	38104
4736032	511145.b0884	975.6807282870229	19605
4736031	511145.b0882	9.790021445189808	2903
4736731	511145.b1638	50.50920746395819	3668
4736029	511145.b0880	641.868961272769	12120
4736730	511145.b1637	11.232374721177592	2045
4736728	511145.b1635	23.018904589458153	2049
4735849	511145.b0687	57.89137288812604	3981
4735848	511145.b0686	13.872301649586479	1167
4737987	511145.b3019	322.20605112290303	85940
4735846	511145.b0684	205.1323819555325	10474
4736355	511145.b1224	6.857902339642374	3654
4736352	511145.b1221	191.13780089759211	7297
4737982	511145.b3012	53.477892106600905	5891
4735845	511145.b0683	569.1554094297903	34047
4736921	511145.b1832	184.8146193231748	7105
4735842	511145.b0680	91.5568889298379	16844
4736920	511145.b1831	218.74904314095767	13089
4738228	511145.b3287	126.29357650336303	6234
4738229	511145.b3288	542.8410955521127	39554
4737208	511145.b2155	262.1091799908097	65849
4738230	511145.b3289	25.39151713276062	3790
4735850	511145.b0688	302.1398312854752	61334
4736003	511145.b0854	57.5299239574786	5949
4736735	511145.b1642	83.39399745943433	5774
4736734	511145.b1641	348.19834020064684	10156
4737540	511145.b2507	150.54168473592392	30376
4737541	511145.b2508	2222.015976770131	309452
4736562	511145.b1452	1216.2480762158812	151324
4736386	511145.b1260	1021.707441307328	74630
4736387	511145.b1261	199.93701049610414	17280
4737533	511145.b2500	41.74476102260941	3409
4736162	511145.b1018	75.15165800274121	8482
4737997	511145.b3029	741.8778379053954	7512
4736383	511145.b1257	139.01536431749244	8718
4735824	511145.b0651	281.4140283140445	22245
4739246	511145.b4407	76.46741634929553	1846
4736938	511145.b1849	291.1046145181483	32095
4735828	511145.b0655	602.7280356089319	59981
4737240	511145.b2187	57.56670953825668	1594
4739242	511145.b4401	791.5248953400253	61994
4736015	511145.b0866	227.07418543582924	4946
4736744	511145.b1651	100.56630239633326	4385
4737238	511145.b2185	6805.764684820541	190056
4736747	511145.b1654	680.2651365942608	26466
4737239	511145.b2186	172.69984446990216	22258
4736751	511145.b1658	110.23109688759955	23597
4736550	511145.b1440	96.37834138628048	15294
4736750	511145.b1657	266.8703774531999	25727
4736749	511145.b1656	89.38039887065281	7088
4736377	511145.b1251	1282.4319482631574	11442
4738009	511145.b3042	956.0724398111909	35047
4736012	511145.b0863	561.2669870316719	41122
4738008	511145.b3041	74.87292294429356	5852
4736009	511145.b0860	715.4260937701026	67584
4735834	511145.b0661	127.69219308337266	13661
4736369	511145.b1243	2968.109975424715	450362
4738003	511145.b3035	164.4837551308212	32659
4736946	511145.b1857	3652.609996135244	278323
4735833	511145.b0660	136.9757714331376	20489
4736943	511145.b1854	555.0023573878002	94101
4736367	511145.b1241	698.6259795428028	158484
4738004	511145.b3037	131.86157417004233	10097
4736948	511145.b1859	70.12048301230229	3380
4736149	511145.b1002	6.742659084655267	1559
4736941	511145.b1852	27.333765934062715	3758
4736150	511145.b1003	1251.0208584953425	53554
4736939	511145.b1850	2095.6990594462636	114020
4736151	511145.b1004	103.05467207817364	5723
4735613	511145.b0422	414.90999477938516	10152
4735617	511145.b0426	1096.118087696958	69890
4735244	511145.b0014	1932.7808546024519	353989
4735245	511145.b0015	318.3394511058971	31382
4735998	511145.b0849	124.64141843687247	3688
4735988	511145.b0839	34.659157887109224	5839
4735606	511145.b0415	2556.0688139908125	103942
4735607	511145.b0416	92.09599594766243	3611
4735252	511145.b0023	25142.748301344232	296492
4735255	511145.b0026	38.66266542198674	16263
4735258	511145.b0029	344.0807087558307	32475
4738979	511145.b4108	75.00790922937533	2175
4739161	511145.b4312	103.58159810436327	7624
4738993	511145.b4122	37.14561177273726	18158
4735631	511145.b0440	12978.404156539124	290827
4735632	511145.b0441	210.22479876700646	53293
4736906	511145.b1817	1593.596249206134	189053
4736305	511145.b1174	1021.1802339525701	33594
4735261	511145.b0032	783.4690773734628	98338
4735260	511145.b0031	41.323623924239136	5649
4735262	511145.b0033	433.1807303288291	132753
4735976	511145.b0827	38.0359814326451	4375
4735970	511145.b0821	92.89743785310864	10210
4735969	511145.b0820	1036.6601838409206	188512
4739171	511145.b4322	62.59477396861962	10980
4735623	511145.b0432	372.3591225175369	24474
4735968	511145.b0819	540.8351370695602	20211
4739177	511145.b4328	50.82198822377717	3954
4735630	511145.b0439	74.33046573431939	19454
4735628	511145.b0437	2506.0737240161525	98646
4735629	511145.b0438	685.3491005515339	121640
4735627	511145.b0436	4638.229695124912	747230
4736306	511145.b1175	867.3794533876126	84745
4735963	511145.b0814	140.37566458327947	6561
4735961	511145.b0812	1250.7675216602915	93736
4735960	511145.b0811	968.1278758534322	104264
4739000	511145.b4129	5.156906133950068	1361
4736318	511145.b1187	64.49787443756595	4799
4736320	511145.b1189	49.857098347575885	7317
4735958	511145.b0809	61.00456959259263	3452
4735781	511145.b0605	4209.74211770706	277074
4735783	511145.b0607	617.0336790793752	29881
4735782	511145.b0606	262.7441556950622	27390
4735949	511145.b0800	27.491039378109377	4230
4735950	511145.b0801	91.81491977713128	7760
4735954	511145.b0805	324.7215449955237	57987
4738715	511145.b3813	232.39597140872027	68663
4738714	511145.b3812	20.511461133761856	3192
4736328	511145.b1197	41.00562314072831	8005
4736329	511145.b1198	46.61479835352319	11586
4739194	511145.b4350	10.99280686152407	4707
4739195	511145.b4351	12.927139238384846	1561
4738705	511145.b3802	273.83380904350264	44047
4738706	511145.b3803	91.37645397629389	6437
4735599	511145.b0408	108.3846743798799	23521
4739199	511145.b4355	41.47671319239958	6954
4737265	511145.b2215	34.06257524803487	7093
4738733	511145.b3833	223.20378055126676	19054
4738731	511145.b3831	4969.947404905024	295565
4737270	511145.b2220	41.29386987981824	5787
4739212	511145.b4371	36.97870778852815	5218
4735239	511145.b0008	1266.5951842099485	180663
4735237	511145.b0006	61.45966094746569	4682
4739216	511145.b4375	163.08509794593212	27466
4735235	511145.b0004	1023.0082555434893	140133
4735233	511145.b0002	333.7093683147039	110782
4735234	511145.b0003	745.2499482930778	55404
4738729	511145.b3829	4122.949110971822	903049
4737509	511145.b2476	2130.3007229220366	213560
4737511	511145.b2478	572.1690797070389	47218
4737510	511145.b2477	110.90689040406711	10480
4737512	511145.b2479	42.66042476421397	1378
4739225	511145.b4384	611.8340467010129	67023
4739224	511145.b4383	879.0339343165147	160204
4735435	511145.b0220	650.7551768397647	37591
4739222	511145.b4381	220.5613490513028	21515
4735437	511145.b0222	210.36757460951617	7703
4739217	511145.b4376	2538.3091456033976	168664
4739047	511145.b4180	16.764502305267172	1393
4737513	511145.b2480	571.7626950454859	31012
4738744	511145.b3847	259.73385541080796	43108
4739232	511145.b4391	68.93500847325137	11962
4735684	511145.b0494	61.01017516480036	6528
4735685	511145.b0495	79.12996758332059	6099
4737528	511145.b2495	619.4586440956002	18733
4737531	511145.b2498	3732.5060378080434	238904
4738761	511145.b3870	588.8629992707856	98317
4738762	511145.b3871	829.1250086504415	132877
4735454	511145.b0243	54.250865926539284	6806
4735453	511145.b0242	213.8355495798981	25111
4735452	511145.b0241	262.5786086417809	27199
4735451	511145.b0240	82.77415953821532	1762
4738244	511145.b3303	11374.421994517903	752010
4738243	511145.b3302	6924.946678795869	78684
4738246	511145.b3305	7203.060952031661	436913
4738245	511145.b3304	12959.695953181632	269694
4738242	511145.b3301	13567.013849351742	735040
4738248	511145.b3307	7080.968216833354	79896
4738247	511145.b3306	7118.287832580564	328058
4738250	511145.b3309	7007.293279248164	277758
4738249	511145.b3308	3088.0710133321554	223024
4735449	511145.b0238	128.26750698345992	6267
4735448	511145.b0237	1374.023236536472	300833
4738756	511145.b3865	111.06615005687952	9711
4738757	511145.b3866	218.2133263892062	14018
4738755	511145.b3863	529.626938120289	113320
4738257	511145.b3316	3008.8640592522615	98752
4738256	511145.b3315	9418.548872983089	347970
4738255	511145.b3314	6281.083547899258	308389
4738254	511145.b3313	4960.900388952932	168948
4738253	511145.b3312	10328.349988909009	255496
4738252	511145.b3311	3566.11085123103	64097
4738251	511145.b3310	27525.59967794163	1043552
4738260	511145.b3319	7087.106902982693	367175
4738259	511145.b3318	1469.3640420715149	32092
4738258	511145.b3317	5940.773483743269	468193
4739009	511145.b4139	14.003244048644246	1968
4735659	511145.b0469	158.03082743392542	11974
4735653	511145.b0463	154.51628854579437	18788
4739012	511145.b4142	3045.5675862009953	138730
4739014	511145.b4144	406.4370105379121	14432
4739013	511145.b4143	4324.72020509571	627229
4735655	511145.b0465	126.7886454333225	35679
4738465	511145.b3536	9.26261875916542	975
4738775	511145.b3884	561.8104139151156	41032
4739017	511145.b4147	79.28086141310585	4148
4739308	511145.b4537	139.5621860290661	4709
4739024	511145.b4154	21.08177622967725	4053
4735643	511145.b0452	94.26974176664828	6022
4738473	511145.b3544	4170.088598611968	585896
4738470	511145.b3541	35.01319368671173	6831
4738469	511145.b3540	54.65286108745451	7401
4737894	511145.b2908	67.79221369828952	8509
4737890	511145.b2904	4470.074544171306	47559
4737889	511145.b2903	83.33660228327568	24109
4737891	511145.b2905	43.471713654611754	4210
4735674	511145.b0484	147.40715530058566	32024
4735670	511145.b0480	56.376864682943804	8142
4735478	511145.b0273	86.60992182780329	17105
4738481	511145.b3553	47.751895809952785	2630
4738487	511145.b3559	261.6025341948099	78252
4738488	511145.b3560	33.39452764350975	4442
4735667	511145.b0477	13.553460373474145	1895
4739044	511145.b4177	371.72667802192666	46009
4735661	511145.b0471	616.2981335671135	17164
4739042	511145.b4175	161.3014983062204	10504
4735664	511145.b0474	3339.22820728695	187696
4739041	511145.b4174	28.38494714943629	4485
4735663	511145.b0473	70.8799066997154	19035
